1.023691
-0.05762701
-1.751972
-1.358483
0.3651213
0.5040559
-0.864886
-0.5324065
-0.4885571
-1.678141
0.2807624
1.17761
-0.07556276
0.5022169
0.5837135
-0.01724678
-0.1687364
-0.3394971
-1.13034
2.133337
-0.4824066
-2.500195
0.5826492
-1.233065
-0.5735545
-1.225326
-0.4419166
0.1166634
-0.08981146
0.7264389
-1.245156
1.755257
0.01717428
0.6070817
-1.234015
0.2391094
0.4076274
0.5186103
1.942033
0.5638373
0.3808187
0.4279835
0.2255842
1.122271
1.445614
1.820188
0.9919743
2.085173
-0.614072
-0.6013156
0.370289
0.9902997
0.7866145
2.766754
-0.4265626
-1.48946
1.674547
0.122126
-0.8229993
1.628661
-0.4977265
0.1394717
-0.1952801
-1.837171
-0.0963604
-0.3447928
-0.505227
-0.3118363
0.4881288
1.234231
0.7011165
-2.070964
-1.043104
0.7950481
-1.615244
-0.8057505
-0.3233767
-0.5374892
0.8649467
0.3982163
0.2388029
0.5742115
0.5393822
1.013202
-0.04062873
-0.163174
-0.8513372
-1.887899
1.207959
-0.7178859
-1.06622
-0.4922442
1.365891
-0.9712843
1.276027
-0.9887674
0.9337751
-2.198829
-0.8818255
-0.2970257
-0.2593086
-0.4175385
-0.8719644
1.108287
-0.6469088
-0.7586067
-0.4530913
0.09822161
-1.74507
1.045972
1.777726
-0.1044665
1.66712
0.5320955
1.871755
0.6458415
-1.625595
-0.05920108
0.2889119
-0.3314934
0.09896322
0.7502787
0.5751305
-0.5132461
2.162472
0.219745
-1.281635
-1.00023
1.708778
-0.1846914
0.9102692
0.9583
1.051446
1.580357
-0.2385347
-0.2524163
0.3134305
2.063211
-0.1308998
1.246553
1.045013
0.2611977
0.3469144
-1.224192
2.027642
0.4884558
-0.7579561
-1.153138
-1.000827
0.7569536
0.6298668
-0.4335395
0.2609202
1.231171
1.035157
0.1107146
-0.008526813
-0.1879252
0.2797837
-0.1282574
-0.5870394
-1.534599
1.302499
1.238188
0.4227294
0.6022837
-1.586025
1.253582
-0.01255296
1.014407
-0.7804593
0.06417823
-0.1412466
-1.29613
-0.6041059
0.4747643
0.7240535
0.08206065
-0.1994607
1.131245
-0.688345
-0.2523061
0.0161274
-0.144356
0.1067102
-0.8514814
-0.5759345
-1.724215
0.3975142
0.2440519
-1.459078
1.148072
-0.1283731
0.2238487
0.05012339
0.1015437
-0.9143619
0.9440793
-1.124794
0.5242776
0.4400491
1.895667
-0.232201
-0.05550678
1.204467
-0.7988516
-0.2259791
0.5255961
0.8087913
-1.099962
0.03589886
0.308729
-1.238804
1.954084
0.469925
-0.975437
-0.5875784
0.5949312
-0.8115739
0.4586813
0.08992422
-1.530602
0.388217
0.8645432
-0.4917492
1.237608
1.317578
1.208421
0.08894376
-0.4259331
-0.3181628
2.013415
0.7294519
-1.39174
-0.1489082
0.3209767
-0.8346267
-2.693988
0.1508619
-0.656662
-0.7841703
0.4528502
0.9969296
-1.623327
-0.3606624
-0.455355
-0.8745319
0.04781576
2.000661
-0.5219632
-0.9633015
-0.4676295
0.6638721
-0.1646042
-0.7184038
-0.05526225
-0.3566369
0.3908758
-1.576216
0.5759631
0.977927
0.2172801
-2.050205
0.2413037
0.03442751
0.8053899
-1.96417
-0.442852
0.7976322
-0.3337793
-0.06018984
0.08165091
0.5037778
0.05711026
-1.99902
-0.8012766
-0.8459654
1.909933
0.2193255
-0.4335287
-0.259941
0.860365
-1.379702
-0.5127086
-1.649281
0.7559287
0.2121929
1.069225
-1.15773
1.139278
1.207458
-1.902953
-0.01152387
0.04449851
0.1609423
1.415359
1.583245
-0.404003
-0.007386854
0.8235217
-0.6321459
2.011847
-0.04070631
-1.077252
0.644935
-0.4973409
1.126167
-0.7177434
-0.1398442
-1.248631
0.4242598
-1.64099
0.4210414
-0.7922726
-0.2975111
0.8121186
0.339037
1.390182
-1.295702
-1.558355
-1.201177
0.9131429
0.3959706
-0.6193066
-0.9022588
0.433296
0.1714392
2.369388
0.7213947
0.1224912
0.7286366
-0.7550737
0.2321488
-1.693865
-0.4454661
0.2313124
1.897356
-1.454687
0.6055846
-0.2529325
0.5800966
-0.320083
1.221655
-1.548281
0.8454726
0.8272468
0.01681405
1.682098
-0.9382165
0.852652
-0.3862631
-1.759317
-0.6968725
-0.6100259
0.4035476
-0.407145
-0.3530365
-0.5736827
1.274431
-0.4303091
1.009876
-0.4848198
0.8170522
-0.8297585
-0.6431246
1.101825
0.9772285
0.09699114
0.7760667
-0.6013021
1.369129
0.04962658
0.8415959
-1.343639
-1.488704
-1.064469
-0.9847038
-0.419283
0.3534555
-0.04855839
-0.5076033
-0.2652931
-0.4706075
0.211858
-0.334374
-0.5731097
1.087515
-0.4767567
-1.304919
0.358668
2.306945
-0.9017376
-0.195761
-2.167932
-1.608934
-0.3592363
0.489991
0.4708405
-0.1744191
-1.960353
0.2240993
0.5826184
-1.946953
1.494625
0.7477818
0.5015405
-1.081891
0.9835191
-1.775221
0.6984386
0.3524239
2.252092
0.7971716
0.5327383
-1.079158
-0.5685627
0.2501051
1.652854
1.74307
-1.408919
1.348528
0.3104669
1.244263
-1.160836
0.1859156
0.1001815
2.054963
-0.7496221
-1.398206
0.326665
0.8087444
-1.003867
1.444929
0.6371077
0.1396884
-0.299854
-2.038159
1.341322
1.814734
0.1202048
0.6669828
0.1716805
0.2802328
0.4594637
1.957076
-1.038934
1.322292
0.413363
-1.378904
-0.6487961
0.1288283
1.174454
-0.7006716
0.172858
-1.030632
-0.415309
-1.099726
-1.022079
-0.9852112
0.9226177
-0.3567489
0.1273973
-1.523991
0.3759218
-0.1570163
1.037885
-0.0009939105
0.1711055
-0.729992
-1.546012
0.1718547
1.391225
0.4312442
0.679945
0.4700202
-1.837019
2.276318
0.2244415
-0.5292717
-0.5592133
0.1949202
-0.5030882
-0.1683825
1.997926
-0.4520683
-0.2668645
-1.49587
-0.7805403
0.009249301
0.2077214
0.8207116
-1.237502
0.463413
-1.21994
-0.1561336
-0.07402356
-0.8857378
0.3492952
0.122678
0.4198878
0.02186986
-1.30372
0.3272026
0.1856856
-0.3559953
-0.08947034
-0.1168626
1.220039
0.7493384
-0.9578116
-0.7978273
0.3932723
-0.06385809
1.105585
-0.2736565
-2.123394
0.8411182
1.130517
-1.849531
0.3732184
-0.8512553
-0.4018458
-0.6144344
0.8645678
0.1916152
-0.6004638
1.672057
1.348807
1.805466
-0.7651883
-1.257668
1.191956
1.110827
0.6349285
1.105781
-0.1379331
-0.2841786
0.3618791
0.1774784
-0.1760825
-0.8736567
1.612828
0.6075984
-1.357334
-0.2163257
0.733796
-1.199827
-0.2069073
-1.627407
0.1583464
-1.399986
-0.154781
-0.6875103
0.1441175
0.03646541
0.807165
0.3839064
-0.3839437
1.849761
1.611839
-1.246254
1.059504
-1.890526
0.05040764
1.069337
0.952586
0.3725544
2.211089
-0.5188625
-2.654092
0.01226657
0.6419171
0.1685974
-1.139664
0.3245412
-0.176816
-2.097104
-1.096126
-0.6118502
1.089326
-1.205729
0.7357375
-2.706647
2.17777
-0.02350546
0.4837308
-0.5736107
1.363606
-1.168769
0.1041909
-0.6894522
0.1155175
-1.509959
-1.311044
1.17991
0.4355114
0.93362
0.3665574
-0.5009874
0.8218687
0.9098766
0.5180196
1.036279
-0.2115292
1.052834
0.8050885
0.4514737
0.5402568
-0.1608924
-0.2751258
1.345274
0.9393534
-0.5592057
1.189294
0.6765732
-0.4114191
-1.673721
2.440079
-0.9416728
0.5249719
-0.7563807
-0.2305251
-1.233176
-0.5836585
-0.5707376
0.8499829
1.01266
0.5712373
0.7739077
0.2406028
-0.4294099
-0.6950038
1.268235
-0.5020287
0.4876622
-1.360799
0.2533077
1.037525
0.6891524
0.3104429
0.7748358
1.013412
-1.496294
-0.6031828
-1.487708
0.1153618
0.5822749
-0.7534949
-0.3774386
0.702203
-2.06206
-0.8710838
-0.8219556
0.7995486
0.1082658
1.914215
1.107735
1.200925
-1.052557
0.606091
0.5380557
-0.5471976
-1.366257
-0.7958887
-0.3567823
0.601069
1.219757
0.5010422
-1.498224
-0.09380578
-0.1819193
-0.7711663
-0.1430551
-1.498462
0.6238971
-2.125133
-1.570933
-0.4838904
-0.7292834
0.4531163
-2.850151
0.09412192
0.761949
1.623344
-0.7442788
0.1224836
-1.611497
-0.2465436
0.3848474
0.6978141
2.019879
-0.6510199
-1.375953
0.1276297
0.04035052
0.9137302
-1.340816
0.1603917
1.297229
0.1307605
1.154276
-0.4541564
0.1463383
-0.2980945
-1.09245
-1.017953
-0.03740852
-1.266312
2.278919
0.2273173
0.477954
0.341974
0.9195966
1.325047
-0.3539435
0.007452291
-0.3324978
-0.8661775
1.159243
0.7231552
-0.5698612
0.4595294
1.774163
0.1969386
1.973281
1.98931
-1.925307
0.01485053
0.5695235
0.5588872
-0.7623951
-0.1498307
-0.3829512
-0.3195324
0.2238122
1.498001
-0.3864707
-0.5652719
-0.6706359
-0.1402091
2.110257
-0.892826
0.1680537
0.005134874
1.412837
0.180265
-0.0303878
0.6782857
-0.7568715
0.7690625
-0.07472015
0.1926032
-0.3706336
0.5284726
0.1723571
0.6262022
-0.4901717
-0.7803525
0.3540529
-0.5734386
-0.2846137
-1.677836
-0.933143
0.5782511
1.695176
2.004138
-1.226043
0.6204795
-0.4135115
-0.4454657
-0.02268938
-1.938954
-1.229129
0.08783226
-1.406747
-1.691514
-1.087062
-1.393978
0.2934409
0.02989993
0.4666764
0.6165954
-3.601212
-0.7784302
-2.287377
0.5553809
0.6646366
0.2509089
0.5666079
2.003011
-1.442653
1.017179
1.803475
0.05032909
2.309196
-1.45028
0.2988753
-0.3444238
-0.1536385
1.269722
-0.6445052
0.8765779
0.5499907
0.6797762
-0.1729293
-0.01592074
-0.1592114
-2.304225
-0.01850715
1.913
-0.3768621
-0.9350511
-0.2355841
-0.5035784
1.482833
-0.994017
-0.2549624
1.155296
0.8170711
-1.126674
0.4299656
0.1827181
-1.234823
-1.349165
0.6157297
-0.3091314
0.2125541
-0.8697777
-1.415808
-0.4881704
0.1283574
0.3832283
2.151106
-0.7216409
0.09877851
1.007299
1.162158
0.4981366
-0.7681317
1.0933
0.3065257
1.646467
-0.7434532
1.799789
1.521397
-0.08887992
0.5760449
0.7754346
-0.09937934
1.205676
1.232446
0.1256249
1.331608
-1.303344
1.324086
0.09559163
0.2164656
0.4758435
-0.06464366
-0.2161784
-0.781391
2.200846
-0.5254062
-0.3889691
-0.75937
-1.690862
-1.652194
-0.8965164
-1.063769
-0.6572197
-2.508581
0.1483981
-0.1742629
1.344783
2.166589
1.180439
-0.6723118
-1.448178
-0.1148165
0.8167678
0.7682163
-0.08091003
0.5717
-0.4115586
1.281552
-1.464847
-0.3217882
-0.173912
-0.9111921
1.437473
0.4327668
-2.014114
1.142956
-0.08459708
-1.155685
-0.1973744
0.1110308
1.156535
-0.05263476
-2.252005
-0.7393283
-1.502331
1.620013
1.645545
-0.7758616
-0.1374899
-0.8001117
0.9647145
0.5958233
-1.863356
2.488918
-0.567035
0.09357889
-0.4912314
-0.3975337
-0.420287
0.3225643
1.948951
-1.397049
1.842039
0.8840041
-1.273499
-1.623024
0.4996171
1.363789
-0.4278124
-0.7175953
0.3237629
0.5756145
1.41389
-0.9800143
1.167842
-0.05321186
0.8288251
0.5989481
0.2635249
1.51296
-0.5888941
0.3026028
1.976522
-0.894723
0.7632466
1.963957
-0.9890687
-0.3708515
-0.2621339
-0.390445
-0.5963291
-0.9050783
-2.519058
-0.7475877
-1.276146
0.05069661
1.025497
0.534133
-0.7893376
0.231835
1.669002
-0.5702128
-0.02676139
0.1937791
-1.218202
1.280268
1.431383
-0.3819136
-1.118868
-1.248726
-0.608973
-0.2911244
0.8841236
1.341724
-1.616199
-1.042513
1.00432
-0.4711659
-1.083595
-0.863849
0.1625161
-0.7755499
-0.6387316
-0.9534944
-1.138102
-0.1615152
-0.2428266
0.7873872
0.03891232
-0.2387726
-1.065094
-0.2873641
-0.3083509
-0.3455376
0.1541002
-0.4727796
1.930316
-0.9964341
0.1733508
-0.5968366
-0.04832605
-0.8694356
1.948406
