1,708185
1,4513
1,192589
-0,2870952
0,07606933
-0,1101235
1,257471
0,0008072489
0,815785
-1,484778
1,732168
0,6849455
0,05882848
0,9728939
-2,667482
0,2849163
-0,3912454
-1,877379
-0,111471
0,8134347
0,389491
-0,2278485
-0,3471011
1,317181
0,59823
1,894201
-0,4184102
-0,3838597
-1,227775
1,408324
-0,01885564
-1,312654
0,5657031
-1,034747
-0,1660288
-0,2559502
-0,6019506
-0,1376339
1,372365
0,8480263
-0,4998997
0,8285726
0,3600561
1,319854
0,4435354
0,6690837
0,06410024
1,501383
-1,087659
1,598955
1,351534
-0,1553177
-0,4429285
-0,1632466
-0,5916837
-0,455254
-0,9725264
0,3322504
0,7536185
-1,134645
-0,2070696
0,5353083
0,5824927
1,382687
0,8875763
-0,7508853
-1,340993
-1,051633
-0,5756744
-1,149629
0,680014
-0,3656043
-0,3858464
-0,4571113
0,7781797
0,2730508
1,986846
0,1417941
1,727058
-1,239719
0,2773056
0,06004431
1,449244
0,009414189
-0,9825963
0,7223492
-0,9451643
-0,2447287
0,1551713
-0,4132908
0,1861935
0,7728674
0,5561618
0,3121787
0,2374463
-0,05289415
1,092032
-0,359749
0,6422238
-1,193093
1,984855
0,3329403
0,1717711
1,272167
-0,5907423
1,97245
-0,5399016
-0,2318185
0,7993174
0,4091455
-0,3051421
-0,1467395
0,5463396
-0,05867655
-0,1231948
0,4811854
-0,1499201
-0,909609
-1,515639
-1,15916
0,8033989
-0,1148891
0,08120885
-0,9454859
-1,005851
2,099258
-0,9724728
1,852867
0,1561577
-0,2649595
-1,294157
-0,8757761
-1,647253
-0,2329406
-0,405576
0,03940027
1,86743
-1,071408
-1,398117
-0,5640925
0,8497916
1,22205
0,1081629
-0,1041746
0,7431368
-0,005249421
0,6338847
-1,640588
-2,337926
-0,1489649
-0,1002496
-1,93685
-0,4552986
0,2129608
-0,7266174
-1,297132
1,176344
1,242488
0,2833534
0,002467548
-0,2044431
-1,160649
-0,90284
-1,257086
-2,297431
0,8258419
-0,3389027
-1,741365
-1,600373
0,3806644
-0,6901759
-0,3140812
-0,7054527
0,8088799
-0,5543448
-1,861108
-1,047051
-1,471821
0,02581625
1,235678
0,2534403
1,565133
-0,2185708
-0,9581848
0,2025975
-2,002777
-0,3403118
-2,169391
1,935765
-0,3244651
0,4582997
-0,4241361
-0,6549622
0,7880459
-0,1157273
0,6193462
1,468684
0,6653853
-0,3639587
0,2078725
0,6540112
1,033551
-0,5815407
-0,7148216
0,1192144
-0,1563112
-0,4244446
0,67791
0,2121992
-0,1636111
-0,3768924
1,571117
-0,2383072
-0,3795081
1,192764
1,021423
-1,904838
1,544517
0,2080591
0,9841341
0,2688523
-1,205928
-1,596334
1,168858
-0,07934667
0,9901789
-0,1449065
1,193286
-0,06060084
1,450903
0,7969921
0,766839
1,247333
0,8363442
-0,1043161
-1,48272
0,3826351
0,9803595
-1,187218
-0,3866983
-1,563081
0,007651266
-1,564322
0,212071
-0,6068338
-1,600101
1,166782
0,7270753
0,7627064
1,365263
-0,3774604
-0,9571744
-1,372157
-1,151443
0,03827288
-0,6223598
0,6369911
-0,5983282
0,8246489
-1,785144
-0,108769
-0,6274421
-0,3345568
0,03319226
0,3931069
0,7196465
1,588115
-0,5140845
1,160439
-0,04379683
1,229648
-0,4220279
1,640311
0,3083963
1,116916
0,7828711
-0,2489153
1,251927
0,435423
0,9357411
-0,3740638
-0,8715593
-0,3888561
-0,9297526
-0,3073881
-0,0406196
-0,04857447
0,2038637
-1,447268
0,7962516
0,1139222
0,5103592
-0,3444049
1,457804
-0,9845965
-0,361521
0,6520025
-0,3430369
1,282331
-0,8554265
1,646163
0,413837
-0,7821257
0,6137385
0,9364527
-1,064885
1,729718
-1,565801
0,1548527
0,03510188
0,9628878
0,5998354
0,1222857
-0,8136851
0,0344659
-2,493981
1,22112
-1,478584
0,3532772
0,06817771
-1,958081
-0,6519964
-0,1401675
0,1418446
-1,747617
1,562013
-0,3396547
0,6022134
-0,6839027
1,696514
0,2390655
0,3299161
0,2194638
0,8098055
0,6348152
0,476413
0,7338648
1,719738
0,3314295
-1,139123
0,8017755
0,548939
0,1134986
-0,1387433
0,1266227
-1,15077
1,24226
0,105781
2,480666
1,503488
0,7393641
-0,5867629
-0,3328485
-0,1251405
0,9375375
-1,073583
0,1340385
-0,6349052
-0,24964
-2,464176
0,8542932
-0,1884379
-1,236309
0,6809046
1,535732
1,355764
0,6457224
-2,614316
1,31339
0,5908536
0,9294106
-0,3721028
0,03461992
0,3713832
-0,04568329
0,943125
-0,3610029
-0,7264079
-0,09249805
0,535887
0,1532711
0,4277407
1,25279
-0,4590303
-0,1782639
-0,6212444
0,7060499
0,140132
1,619885
0,07443721
0,6632356
-0,3171106
-0,3098023
-0,6605679
-0,513508
0,9504813
1,021497
-0,7929617
1,178313
-0,4336333
-1,386758
-0,5097927
-1,029379
-0,5659261
1,456361
1,145803
-0,01505452
-0,5541529
-0,8058557
1,232466
0,5795772
-0,197545
-0,6320383
-0,9044451
0,6578317
-0,3456607
0,6402549
0,4090163
0,7950485
0,3462867
2,191092
-2,073971
0,7108094
-1,10861
-0,3246164
-0,05366363
0,5724803
-0,5380482
-0,524375
-1,054335
-1,180181
-0,5603204
0,2051003
1,621412
0,1423506
0,6565643
0,5872121
-0,3026223
-0,903735
-0,5939616
-1,28081
-0,2076364
2,099438
-0,177343
-0,6432326
0,9678036
0,01770587
-0,4728938
-0,1179371
0,6652242
0,5396035
-2,276527
0,05760846
-1,964501
0,6403303
-1,499287
-1,234572
0,3287449
-0,4623851
-0,6421556
1,614228
-1,608598
0,2862836
0,1828393
-0,006970225
0,932629
-0,4195542
-0,9924381
-0,6736937
-1,159772
0,9357538
-0,1149556
0,3652908
0,5738704
0,2258282
0,219966
-0,6635097
-1,249739
-1,160519
-0,4090339
-0,7457189
0,6897133
0,2862207
1,35035
-0,3954936
-0,7395039
0,3755489
1,346196
-1,508272
-0,6994152
0,6146861
0,3122423
1,726067
0,9997602
0,2590152
-0,3412768
-0,6964531
1,18856
0,5708842
-0,8916986
-0,6571935
0,2935801
0,7220324
-1,187804
-0,1388045
0,5837283
-0,4279795
1,43805
-0,4382983
-1,816213
-2,007732
-0,6366464
0,6603346
-0,5631032
0,08823013
0,2099303
-0,8826061
-0,6208174
1,490375
-1,902071
-1,856635
0,6710743
0,002024576
-0,1890216
0,6533589
1,485555
0,05787363
-0,3153917
0,6074528
-0,3914282
0,8533058
-0,8591578
1,359385
1,177679
0,3101332
0,09228653
1,781101
-1,477091
0,169532
0,4965298
0,5770811
2,470544
0,3014182
0,3576993
1,777835
-1,452235
0,4961489
-1,462963
-0,8770823
0,8053763
0,5304301
0,3147877
-0,1525621
1,03222
-0,5668456
1,307131
0,7803264
-1,220014
2,319119
-0,346168
1,146999
2,369913
-0,8823136
0,8883759
2,626009
0,2602294
-0,985054
-0,7702953
1,112738
0,5174947
-1,131191
1,498305
-1,652676
-1,137825
-0,3772633
-0,04135098
-0,5044362
-0,1047139
-0,9204252
1,145276
1,824334
-0,1964306
-0,9669307
-0,2034458
0,2341274
0,4931877
0,1606867
-0,5779719
0,8348923
2,023424
-0,7337808
-0,1366272
-1,05037
-0,3494075
-1,032152
-0,7023861
1,397052
0,5935019
0,3306612
1,859858
1,851641
-0,04304131
0,838568
-0,6400433
-0,8797082
0,1109445
-0,5401698
0,5854872
-0,9980862
-1,032595
1,883039
-0,296989
-1,419682
-2,029929
0,5085905
-0,3290369
0,006490286
1,24285
0,3983068
-0,05597267
0,3731886
-0,1132292
1,30365
0,2650193
-0,1849556
0,2773329
0,5943055
0,1876304
-1,153299
0,5035522
0,7494705
-0,6658832
0,1392099
1,306725
0,9134429
-0,4654376
0,3160473
1,281133
0,6363172
0,05353025
-0,01320958
-1,055137
-0,1576878
-1,271896
-0,924724
0,5637396
0,8949427
2,038103
0,1654632
-2,158031
-1,400561
0,6400548
1,681906
-0,1569861
1,000055
0,1626537
-0,2987136
-0,2109223
0,9069271
1,313226
0,0804696
-0,1704891
-1,415288
-0,4024251
0,1642858
0,4890375
0,3993287
-0,2936846
0,4690518
-0,3743884
-0,2452618
0,2835171
-0,6187545
1,762817
-2,18502
1,090345
0,1825379
-0,696048
-0,739139
0,6538401
1,94724
0,2422324
0,6754307
1,896245
-0,3885648
-0,2581284
-2,652008
1,459969
0,07900391
0,03859764
0,2857945
0,2652955
0,845815
0,931716
-0,5704191
0,4841323
-0,3929479
-0,3506931
0,1339111
-0,3878841
-0,9108064
0,3292978
-0,06040616
-0,8914867
1,593631
0,2494178
-0,2335619
-0,0001137033
-0,3649965
0,2564051
0,02210503
-0,2483344
0,8352909
0,4747957
-1,286295
-1,724185
-0,5116397
0,4684301
-0,08717059
0,09255961
-0,5509224
-0,9549021
-0,2671809
2,099818
-0,6906811
-0,08743611
-0,134197
-0,5133431
-0,642032
-0,3201486
1,052767
-0,6856343
2,150039
-0,9477718
-0,6879612
0,9904957
1,609826
-0,5934347
1,118513
-0,8983968
-0,4906521
1,171124
-0,947042
1,061354
-0,03119221
1,343962
-0,231051
1,960748
-0,6948899
0,4521361
-0,06369305
0,01164917
-2,234215
-1,643669
0,3690029
0,3741288
0,2856078
0,7091208
0,3926133
-0,8609175
-2,256049
1,463955
0,6924779
0,7547163
-0,2404595
2,785652
-0,7972687
-0,01016959
-1,073109
1,876352
1,080122
0,475655
-0,7169768
-2,571464
1,211177
-0,7703046
1,342374
-0,6312326
-0,1472759
-0,4160401
0,09150679
-0,1536831
0,4861787
0,4948665
2,215058
-1,793515
1,086607
-1,795409
1,227904
-0,2935035
-0,8901974
0,6516229
0,3825198
2,022307
-0,1677272
0,4358643
-0,4188425
3,161574
-0,5850543
0,5426679
-1,333776
0,1820264
-0,3740057
2,082458
-1,587501
-2,411198
0,4607284
0,8528475
-0,6977833
-0,3131924
1,668366
0,3540543
-1,289809
-0,5729661
-0,8210548
-1,435376
0,3974715
0,8474967
0,1328262
-1,015833
-0,5215177
2,078565
-1,104163
1,163719
-0,4330763
1,842805
-1,924237
-0,7968636
-0,1502669
1,879699
-1,168516
0,999174
0,3890432
0,2424651
0,8891575
-0,6950205
0,3464453
-0,7545655
0,3493916
1,30303
-0,1698009
-0,1780051
-0,4190845
0,5543274
0,9530766
0,3490099
1,478824
-1,291315
-0,977012
-0,5665187
0,3018798
0,1703723
-2,090406
1,235142
-1,006897
-0,1621501
-0,3927254
-2,704543
0,6986001
0,1529454
0,6345944
0,973339
-1,804082
1,324893
-0,1881663
1,495903
0,473658
0,4395232
-0,7532809
0,3179044
-1,111602
-0,4400505
-1,098374
0,1043708
1,772176
0,4822716
-0,0769559
1,966288
0,437875
-1,576447
-1,056069
-3,676101
-0,3020262
0,0625006
-0,3530898
2,404531
-0,8133762
0,3936237
0,3106173
0,6430863
-1,026305
-0,9508474
0,06244624
-1,862181
0,2332692
-0,2287985
0,4282608
0,4952504
0,2771145
0,2962122
-2,256381
1,359448
-0,6815734
0,6661611
-2,191126
-0,3466358
-0,865625
-0,6521825
-0,01550694
0,6591774
1,672872
1,191542
-2,001707
0,2871571
1,313081
2,002902
-0,3794137
-0,3657688
0,6616467
0,4546065
1,001683
0,5351046
0,902166
-1,510457
-0,4252105
-0,8251524
-0,5672301
1,103812
-1,148068
1,544674
0,4198192
1,786754
0,7805787
-1,43332
1,73558
-0,3288426
-0,6485265
-0,7632205
-0,185878
-0,7758489
-0,5054618
0,7933641
-0,8561268
-0,3332463
-0,6882833
0,4920265
-0,2783328
-0,7122608
0,03400085
-0,2620029
0,5164123
0,3655128
-0,5814387
-0,8829954
0,9072764
-0,5368723
1,534254
1,147302
1,088469
0,1655835
2,245182
-1,553878
-1,109691
-0,8624742
0,5411817
-0,9362075
0,9866249
0,06453058
1,267414
-1,55758
0,3467336
1,121948
1,552249
-0,8864592
-0,1219207
1,337733
0,1336743
-0,2720509
0,3502514
-0,488349
0,1995476
-1,008917
0,2470624
-0,1331383
-0,7629099
0,4868247
-0,7813467
-1,83863
-0,772939
0,9416984
-0,8472103
1,163858
1,574243
0,5158141
-1,400555
2,150021
-0,9324158
0,09000601
-1,994851
-0,04032731
-0,8822442
-0,1358912
-1,774067
1,328278
0,5798202
-0,6840271
0,1727551
-0,177441
0,9019217
0,122581
0,9153736
1,334183
-1,184061
0,6853113
1,938769
1,51747
-0,03876558
-0,01601327
0,3539355
0,6412545
0,3528088
-0,05878996
-1,317994
1,217102
-0,8531997
1,15254
-0,1472003
-0,1855047
-0,06574097
0,4570356
-0,2327762
-0,7212232
0,8132907
0,3998448
-1,884524
-0,1875372
-0,2510953
0,7660287
0,9930232
1,523437
2,194554
-0,9326462
-0,4493306
0,5214473
-0,6912056
-0,3811997
0,2632403
-1,233194
0,7284409
1,237904
-1,819789
0,03733996
-0,5882345
0,03089062
0,03072095
1,024826
1,011359
-1,734662
-0,1510599
-0,08660696
-0,1985915
0,684357
1,062575
1,271398
1,569543
-0,5433413
0,6952012
-1,365643
0,5741516
-1,266874
-0,1325386
0,27862
1,37198
-0,1850749
0,7287511
0,5843281
-0,8702256
-1,64088
-0,4097824
-1,194661
0,6760288
-0,3108436
1,011158
-1,202109
1,15401
-0,911948
0,5880632
-0,4220504
0,9409757
0,2830243
0,5520281
-0,711107
1,537025
-0,7932577
0,3830661
0,08180922
0,4445688
0,8769526
0,1936034
-1,647775
-1,263607
-0,03216526
-0,6379116
0,1659663
0,4921186
-0,03923409
-0,5357976
0,1931087
1,985843
0,9695557
-0,5568171
-0,4997476
0,22162
-1,388024
-0,6625575
0,09580825
0,8438557
0,6037472
0,135598
-0,651743
1,550979
-0,2708637
-0,3949229
1,091498
-0,4010959
-0,5862727
0,367468
-1,12475
0,9780763
0,4389577
0,5423149
-1,236446
1,49925
0,002174101
-1,196224
-0,2837668
-0,5570415
0,8713382
-0,5082393
5,172399E-05
-1,744661
-1,378071
-0,354881
-0,7820385
-0,1372234
-0,9527901
-0,3003225
1,753313
-0,6342102
-0,249821
1,758915
-0,3046072
-0,07259206
-1,929554
-0,9167969
-0,5173778
0,3448289
0,6630213
-1,730508
-0,2714196
1,519244
-1,27725
-1,311662
0,268265
0,2767404
-1,76738
1,194812
-0,2703796
-0,6831222
0,6225364
1,416447
-1,057415
1,895979
1,237807
0,103265
0,8690833
1,502371
0,2325829
-1,337905
1,151838
0,02879658
0,5130689
-0,9292764
0,5626671
-0,2975572
-0,07899071
0,1317932
0,9288326
-1,651589
-2,023762
-0,8752326
0,01424941
-1,150766
1,259205
-1,407763
0,02700897
0,6658068
0,5835757
-2,511671
0,7798638
0,4546251
-0,5938228
-0,7447702
-0,4941983
-0,0397824
-1,513743
-0,4911485
1,291253
0,9527803
0,1434611
2,387483
0,149767
-0,7043599
1,046098
0,8048711
0,6493096
0,4511761
-0,3841681
1,626222
1,471563
0,9370036
0,5036618
-1,622139
-0,8328545
0,05183635
0,5488375
0,9095662
0,3571379
0,6401283
0,5321899
-0,5387618
-0,7740104
0,1543112
-0,6596812
-0,7113766
-0,313422
0,3075652
1,601381
1,047343
1,500003
0,6110826
-0,1443693
1,899515
-1,335179
0,9636565
1,470433
-0,9181069
0,08318524
-0,5242762
0,0670206
0,2809383
-0,2050455
0,4111542
-0,1653902
0,1702186
-1,480868
0,1530861
2,517222
-0,2178033
0,3188864
-0,1850141
-1,243718
0,3238799
-0,4472045
0,1306365
0,08878311
-0,2629244
-1,744571
-2,07441
1,300463
0,7596877
-0,03614165
-0,3573822
-0,3102041
-0,8894388
-2,244042
0,4618562
-0,4400414
0,3891684
-0,05966095
0,08447585
-1,20073
-1,415743
-0,8233485
-0,3207926
-0,3744131
-1,319458
-0,892862
0,3286754
1,702434
1,696573
0,5713965
1,873114
-1,486481
-0,2742147
-0,112017
0,535867
0,0006091944
0,3403148
-0,6572889
-1,111442
1,085395
2,478145
-0,3400508
-0,4515808
0,08728669
1,032809
1,200148
1,268629
-0,04711788
-0,7587433
-0,2725934
-0,589261
0,5089107
1,208635
-0,5844404
-0,5041603
-0,2604499
0,4008218
-0,359589
-0,25678
0,2594943
0,9996255
1,203181
0,2064103
-1,040245
0,7724698
-2,694354
-0,08410678
0,4462424
-0,3290406
-0,2395175
-0,5066414
0,05136552
-0,2236564
0,9661463
1,760307
0,8018875
0,5290979
0,5516489
1,429774
-0,9325687
-0,3825251
-0,3128697
-1,086709
-0,07915185
1,269839
0,66501
2,275433
0,3630456
1,170064
-0,9147323
-0,03128047
0,2439246
-0,2850612
1,463416
-0,03253188
-0,305897
-0,4278006
0,6600004
0,1348364
0,8052077
-0,6258559
-0,6577262
1,234454
0,7844388
-0,3719074
0,6299139
-0,08632042
-1,596413
-0,8173048
0,9732097
0,020539
-0,3389804
1,82711
1,520196
0,08805096
0,7867303
-0,1745798
-0,9016668
-0,2187509
-0,3274851
-1,642253
-1,71747
0,7235762
-1,585316
-1,726781
0,7469965
1,109882
0,5548812
-0,8809509
-1,146887
0,6166686
1,906649
-0,9552848
0,4819447
-0,2942285
-0,2459204
0,6155021
0,6790147
0,6430331
-1,520186
-0,5078579
-1,0829
0,904812
-1,090904
-0,862433
0,3548704
-0,5810858
-0,132064
-1,11714
0,7037393
-0,3445962
-1,634453
-0,195945
1,91196
-0,7486101
1,42977
-1,233691
-0,57792
0,8424892
0,5535543
0,2429998
-0,868982
1,824133
-0,3440997
1,532813
0,3694084
0,3438093
0,3897982
-1,942446
0,3193513
-1,363263
0,4602617
0,5832865
0,8469517
0,3091188
0,8040182
-0,5756431
-2,008569
-0,06001308
0,6375316
1,107836
-1,166016
-3,024738
-1,419453
0,2178844
0,6713318
0,1848299
-0,7534533
-1,173823
2,228507
0,2585604
0,1372841
-0,3181243
-0,13331
-0,2049266
1,403725
-0,3414525
1,782586
1,933761
-1,589275
-1,069951
-1,280291
0,07679744
1,185082
-0,8709663
-2,158108
-3,331185
-0,3864257
-0,4060603
0,08060359
-0,01724452
0,5007921
-0,9899696
1,320831
-0,2942695
0,4366666
0,009839389
-0,4410495
-0,2899433
1,071352
-0,8840266
-1,144574
0,0329981
-0,2666543
1,435556
1,362977
-1,893992
-0,504642
0,6608945
-0,6015214
-1,510901
0,729581
-0,2097062
-1,203435
-0,5828196
-0,07375795
1,439239
-0,302532
0,7858855
-1,468274
0,8633025
0,2658542
0,8262992
0,7746441
-0,4950482
0,6913394
-0,9732097
-1,143406
0,3954529
-0,3403241
1,138425
0,4879731
1,661142
-0,9677068
0,3467549
-0,5806039
0,9108294
1,19845
0,05078177
-1,391427
1,333125
2,068342
0,3287321
-1,58224
1,166549
1,599469
0,9557166
1,201327
0,0494216
0,3283449
0,3264283
0,5968342
-0,2236632
-0,7070834
-0,6405932
-0,6702796
-0,7367554
0,7508825
-1,800334
1,305656
1,774622
-0,9739158
0,07534904
-0,4298859
0,2511257
2,511136
1,210944
1,615537
-0,8338614
-1,506639
-0,2469013
0,0789976
-0,6166909
1,837906
-0,3832709
1,296036
0,6224492
-0,7836058
1,077602
1,494175
0,2548782
-0,6655338
-2,803404
1,569712
-1,758373
-0,6706586
1,335667
0,9091804
0,4238864
-0,3029917
-0,01758542
-0,8406628
-1,363685
0,6817448
0,2144814
-0,1405947
0,9251036
-0,3800118
0,2019107
-1,213349
0,7263519
0,6297773
0,3118809
2,600394
-0,5639547
-0,2159146
-0,5515274
-1,666345
0,06177988
-0,4475468
-0,1441286
-1,011843
-2,548019
0,4849651
0,7047994
-1,22446
-1,955318
-0,09273487
-1,146215
-0,3561031
-0,7910812
0,2390113
-0,01280095
1,20772
0,9350328
-2,174354
-1,209805
-2,240781
-1,320551
-0,513648
0,4276147
-1,233539
0,1439529
0,7708489
1,127611
0,8659378
-0,6502542
-0,1716786
1,146727
-0,9112112
0,1417851
1,108631
-0,8552302
-0,6998026
2,441466
-1,794609
-0,7788316
-0,8456869
-0,72086
-0,08084759
1,456327
0,05274358
-0,4009664
0,7445393
-0,2662081
-0,08227308
0,1271141
-0,1885956
-0,9497932
-0,2825978
-0,4254604
1,364079
0,7527009
1,22573
0,97412
-0,4531815
0,5939255
-0,4838253
-1,035585
2,231241
-0,322792
1,486266
0,5865539
-0,0662028
-0,2362375
-0,06181519
-1,715483
-0,2993272
0,8896747
0,3918294
0,9499086
0,5693797
1,256383
-2,169737
-0,6479796
-0,1634727
-1,693005
-2,156487
0,4860705
-0,8998032
-0,8189039
0,5900047
-1,784355
0,3885033
0,6388359
0,5351796
0,6940344
0,1121303
0,2563825
-0,1110784
1,71691
-0,3481412
1,805913
-1,486851
-0,8939299
-1,327148
-0,6121247
1,716759
-0,8668317
-0,1469019
-2,133076
-1,485394
-1,852811
-0,6909378
1,113371
-0,1187055
-1,165781
1,420281
-2,347988
1,331357
-0,004736154
1,062272
-1,006934
-0,3216239
1,991101
-0,6267064
1,32388
-0,7555058
0,04322524
0,5264894
-0,4879606
-0,6698053
1,124353
1,660576
-1,964333
0,7220424
0,7020105
-1,397726
2,141425
1,601169
0,9161925
-0,414536
0,04573692
0,59461
2,147145
0,7210829
-0,7522259
-0,7673379
-0,2625523
1,561438
-0,0599899
-1,037856
-0,6099418
0,4271196
0,1088212
-1,950819
-0,8132685
2,470687
-0,4280231
-0,03236896
-0,7477074
1,158369
0,7241398
0,4521014
1,026921
-0,5889717
0,2100703
-1,987912
-0,3298373
-0,4942251
-0,4771334
-1,320352
1,648288
-2,433016
0,1997132
-0,7777683
2,042514
0,8378666
-0,2709729
-0,9691998
-1,421399
-0,05746861
-0,3457658
0,1814856
-0,1329138
0,8130888
0,06150635
0,6681375
-0,7196683
0,1318171
0,8795666
-0,9144807
-0,5190212
-1,350099
-0,89144
0,03040234
-0,1729233
-0,05339571
0,1272751
0,8991652
-0,3938745
-1,482746
0,8469239
0,7297241
0,1072608
0,1643609
1,212674
-0,2885447
-0,8223932
-0,6146201
-0,2121214
0,2404055
-0,6317895
1,537448
-0,5526599
-0,1229693
2,155329
-1,000266
0,3842306
-0,6568411
0,09986361
-1,613098
-0,1380846
0,2629402
-1,047072
-1,508427
-1,359367
0,5486057
1,311614
0,1022755
1,384086
0,8943788
-1,911387
-1,020256
1,479976
0,4911332
-0,4096828
1,265545
-1,021359
-0,4965011
-0,2250356
-0,2272909
-0,1736481
-0,2045867
1,027761
-0,008812409
-1,125337
0,7671666
0,2548377
0,3875104
-0,6998353
-1,276242
-0,3698218
-0,3689172
-0,5019073
-0,6878777
-0,3012648
1,254635
1,094037
1,960886
0,08382187
-1,729267
0,5507931
-0,9353585
-0,8857504
2,022279
0,8765551
2,42371
-1,565669
0,4317405
0,5340032
-0,04011803
1,176483
0,1599714
-0,7722089
0,3896076
-0,644302
-1,453329
-2,040516
-0,1319719
-0,2520106
-0,6153628
0,5619094
-1,383658
-0,4415652
0,1112572
-0,3266465
-0,3852227
0,7664776
0,5122606
3,072289
-0,163191
0,3457161
-0,8993827
1,227684
0,891298
-0,3598061
-1,255542
0,9305751
2,27807
-1,060056
-0,7424289
0,2781332
-1,157842
1,112028
-1,735634
1,265028
-1,944233
0,3407496
-0,5384582
0,8239771
-0,4758982
1,565473
0,6337702
-0,232993
-2,605667
0,5078387
-0,4916888
1,954769
-0,8773398
0,2370724
0,6269838
1,034299
-0,09506577
0,5057716
-1,446682
0,3223707
-1,133188
-0,2113214
0,6118823
-0,5191858
1,083741
-0,1593717
-0,299137
-0,6771507
0,06192215
-1,807764
-1,668069
-0,5256755
1,004702
-0,5911869
-1,28774
-0,7122247
-1,590387
-0,2910246
0,5885935
-0,6300652
1,001192
0,5493329
0,1274236
-0,6373052
-0,738913
-0,8541738
0,9285371
-2,160372
-2,817968
-0,4502081
-0,6293553
0,1452613
1,038777
-0,6640288
-0,8254994
-0,2412106
-0,5344077
0,1208973
0,1620595
-2,216868
1,166037
-0,8262801
1,059674
-0,5073608
1,860559
-0,270905
-0,5972589
-0,3744518
-0,8959099
0,4578629
0,2561051
2,101264
0,5807003
0,5785987
1,378519
-0,1848633
-0,1400612
0,9876292
-0,5909854
0,9129476
0,3341706
-0,650453
1,138714
1,023179
0,1144268
-0,2306742
-0,6323907
0,8669147
1,259324
-1,251395
-1,889042
0,9568161
-0,5379505
-1,856868
-0,8420376
-0,2214866
-1,030043
-2,204397
0,08725408
0,1071759
0,4963831
-1,090444
-0,4103986
-0,6274179
0,272493
0,7037168
1,440103
0,2549222
0,8837779
0,6605638
-1,170943
-0,1100708
1,627139
0,8026675
-0,732299
1,035605
0,5949653
0,7670902
0,6590459
0,6693797
0,4438138
1,264203
-1,037487
-1,01749
-0,4459577
-0,06444993
0,1960222
-1,489896
1,436016
-0,9961206
-2,452484
-0,2809284
-0,9759676
-0,5206569
0,6560831
0,8443364
0,3888965
-1,093116
0,9258841
-1,333386
0,4736854
1,485785
-0,3548661
0,1834183
0,3011116
-1,271103
2,188041
-0,157325
0,849099
1,166195
-1,426837
-0,9455867
-1,350593
-0,137028
0,3891353
0,1664795
1,536608
-0,7760573
-0,7443783
-0,4669991
0,7731882
0,9023809
0,7592461
2,049628
-0,3609515
0,7271757
0,1602463
-1,833396
-0,3618643
-0,3307955
-1,056268
-0,3716347
1,045895
-0,07756877
-0,5867378
-0,3262847
-1,333897
-0,1283822
-1,370021
-0,09165087
-0,5787187
0,3960783
1,373634
0,8659073
0,2207179
0,3090686
0,9467853
-1,271777
0,2272884
1,409399
0,7372885
-0,1829062
0,2610674
-1,061658
1,064148
0,2054396
0,2628983
0,03994573
0,8777475
0,2720944
-2,245483
-0,05773994
2,028058
-0,4730581
-0,7554018
1,605729
0,2983588
-0,3234423
-1,121112
-0,9073681
1,233685
0,3995803
-0,328504
0,1563735
2,483577
-0,0433056
0,6875779
0,6765313
0,2615689
-0,2288597
-1,664933
-1,435576
-0,7644028
1,031323
-1,49114
-0,4598617
0,6172279
-1,286563
1,470009
-1,052465
-0,9794742
-0,2547784
0,0882704
-0,4035463
-0,236642
-1,20396
-0,5155374
-0,4429953
-0,1086085
-0,122202
0,284678
-0,2390367
0,4384611
-1,605048
-0,3572773
0,5071654
-0,5552427
1,603329
-1,427144
0,9183379
-0,7147376
0,9931568
0,7228675
0,67137
-0,2871689
-1,884473
1,056104
1,979227
-0,1623641
-0,4961146
0,8794687
-0,2871718
-0,5332022
-0,2453403
0,4583545
-1,558388
-0,8424724
1,439462
-0,5203059
-0,890345
-1,908508
1,546415
-1,190695
-0,4734594
-1,267707
-0,03228547
-2,264994
0,1881163
-0,02687531
-0,5846713
-0,2880303
-0,1296244
-1,356036
0,6156683
0,5371582
1,444121
-0,6199332
0,6713836
0,929208
-0,6621211
-1,380965
0,6073847
-0,2337324
-0,4062441
1,473929
0,5717272
-0,4454935
0,1919798
0,9793918
0,1839016
0,4797886
1,630565
0,09034766
0,6385862
-0,4888194
-0,7992563
-0,6616169
0,8144405
0,9780429
-0,7593349
-0,6692771
0,4187408
-0,7943345
0,9687583
-0,447072
0,8328087
-1,185053
1,786834
-0,08455356
-0,761042
-1,78078
-0,1675338
0,5726098
0,7227822
0,05996197
0,6362535
1,050614
1,533388
1,848267
0,09717663
0,1003185
1,003501
0,1262513
0,4863514
-1,005715
-0,6703194
-1,069013
0,4715872
1,086094
0,966596
0,1627931
1,584344
0,2261766
-0,6007311
1,230697
0,01085351
1,581298
-1,792124
-1,227326
-1,161474
0,06543721
-0,8204489
-0,8330488
-0,5878143
0,5620601
-0,1403669
2,108209
-1,688978
-0,5659714
-0,740106
-1,264427
-0,6383478
-2,068044
1,748439
-0,3297082
-1,137925
-0,8279328
-0,3807811
-1,995744
1,53758
-0,1118431
1,169506
0,0869476
0,2677195
-0,1661936
0,3960889
1,001884
-0,1273921
-0,6308202
0,2302159
1,295724
-1,141086
1,456653
0,4183453
0,3715984
1,179911
0,9458515
-0,1519451
0,5027271
0,3969306
0,4759338
0,4027722
0,39202
0,7669094
-1,559467
-0,8401661
2,097164
0,782339
-0,996182
-1,34439
0,8722429
1,094187
0,3595605
0,2214136
1,458769
0,2155613
-0,08126494
1,313891
0,0758414
-0,9849055
0,5848739
0,9530421
-0,8952972
0,6209929
1,058075
0,2803322
0,7251301
0,8254574
-0,1755694
0,6113147
0,8451905
-0,2922858
-0,06973835
-0,4092576
0,1594076
-1,361313
1,038183
0,7310814
-0,3098884
1,25311
0,3398077
-1,367684
-2,041824
-0,3895195
0,7290164
1,82156
-0,5954439
-0,956946
-1,430451
1,137682
1,019743
1,219716
-0,7030553
-0,09376218
0,5524954
1,44039
0,04312462
-0,4273053
0,9436832
1,832881
0,393117
-0,1816203
0,5052125
0,5328575
-0,3659025
-1,003391
-0,8788416
-0,716821
-0,01322086
0,2266658
1,573288
1,908707
-0,371868
-0,7549762
0,08118308
-0,2533047
-0,1303204
0,8565075
-1,408691
-0,03764366
-0,5189916
0,1666699
-0,8522306
-1,455498
0,194133
0,9870908
1,152267
-0,02604068
-0,7868088
-0,1057118
0,1851701
-0,2694271
0,5198985
-1,005552
-0,8449471
-1,144251
-0,8717952
-1,033361
0,7289373
0,1906937
0,1242438
-0,5906357
0,09401766
0,5903398
-0,1291546
-0,4954264
0,06058812
-0,06558546
-0,5890443
-1,154684
0,53978
-0,5973156
-1,24115
0,4665042
-0,9830063
-0,8404555
1,243808
1,943668
-0,2266579
0,4357902
1,253548
-0,7194847
1,413587
-0,4833411
-1,534649
2,681033
1,467658
0,8717544
0,7636315
-0,2034571
2,528532
-0,2689416
-0,5285883
-0,7590891
-0,6892899
0,6717224
1,025885
-0,8691828
-1,509551
-0,3796046
-3,688945
-0,4072313
0,6243434
-0,1282879
0,4896533
-0,7253407
1,41861
-0,8103458
-0,6263543
1,130219
1,500658
-0,3953399
-0,7554185
-0,2302793
-1,012763
-1,088346
-0,960885
0,08818189
0,6314658
-1,850809
0,2721391
-0,1316699
0,9014111
-1,610621
-1,208323
0,7046003
0,5509775
0,08532705
1,116187
-0,8257499
-0,2418283
1,343143
-1,278403
0,9016056
1,44255
-1,740109
1,408924
0,5352013
0,7806652
0,6104857
1,376745
-0,7071264
-0,3357243
-0,1251737
1,888154
-1,49471
0,6746542
-0,3443983
0,1510169
-0,8692505
-0,3579637
1,379313
-0,4624571
-0,2983661
-1,366191
-1,231876
2,196304
-1,834578
-0,4528656
0,1943003
-0,5805857
-0,1111872
1,275025
0,1835534
-0,6836827
-0,1638767
-0,06981934
0,966679
-1,62447
0,3203494
-1,849215
1,165235
-1,101882
0,6482437
0,06785709
-1,502327
-0,5127562
1,147108
-0,4727744
0,847963
-3,023677
1,817816
-0,6403413
-0,464546
-0,4578778
1,11484
0,3308603
-0,1902637
-1,577458
-0,2968264
0,2898913
-1,889687
-0,9058543
-0,4947569
-0,01128014
1,11552
0,7935112
0,2946502
0,4401442
-0,08868041
1,269555
-0,1078336
1,705812
-0,1899535
1,993451
0,7758126
-0,65565
-0,9692419
0,359307
-1,393644
1,811784
0,7158877
0,0822526
1,562527
0,4464123
-1,469142
1,384918
1,660305
0,5530302
-0,4975689
0,5902863
-0,4502691
-1,611213
-0,7139871
0,07525595
0,5340442
-0,549316
1,614108
-0,7493753
0,1822571
0,1060725
-0,05973808
-0,6270559
-0,1453992
-0,6698135
0,6443217
0,6050482
0,8801647
1,190512
-1,094735
0,3907478
-0,5095609
0,8892099
-1,136894
-1,250457
-1,037771
0,5943464
1,265856
-0,2725822
1,384083
0,194635
0,750241
0,05262123
1,524432
0,4928179
0,4400712
1,602023
1,16734
-0,9327134
-0,2954075
-0,8253646
1,794348
-0,6079966
-1,277068
-0,2733242
-0,2517094
0,3406536
-0,4984273
-0,6573313
2,031135
1,444274
0,9756784
1,803774
-1,585115
0,8366777
0,01582669
-0,06811881
-0,699775
-0,919801
-0,08639874
-1,582939
0,3929994
1,740071
-1,54769
1,047547
2,499424
-0,4030894
0,7644172
1,74788
0,7549478
-1,40373
-0,6549062
-1,663495
0,05387859
0,1472807
-1,398469
0,5776921
0,02357415
0,6789284
-0,7564783
0,3569058
-0,51376
0,2668636
1,740408
0,8356125
0,4608645
0,6076741
-0,575135
-0,003455069
1,040387
0,8847419
-0,2784521
2,298637
-0,09232644
-2,461807
-1,278177
0,1690102
0,3711973
-0,3259793
-1,266643
0,845391
2,319332
1,355587
1,138586
-0,07121688
0,5408788
-0,1929205
0,7188668
-0,7882712
-0,5119886
-0,6251326
-0,3739503
0,01725046
-0,4620455
0,3894895
0,05974513
-0,9946594
-0,6081955
0,7633123
-0,9435955
-0,8228152
-0,7069862
-0,5296277
0,1383886
-0,2953963
-0,9092206
0,1573611
0,4046631
-0,2561565
0,5158637
1,808353
-1,797484
0,5819282
-2,543453
0,6661826
-0,1946668
-0,2859891
-1,558213
0,517998
-0,06368161
0,7173934
-0,3981486
0,5463594
1,027679
0,2261403
-1,307398
-1,267526
-0,09996709
-0,2571755
0,4087006
0,1134987
-1,017949
0,5990022
-1,345439
0,3493012
0,3814157
1,397841
0,5060611
0,006790641
-0,8853423
-1,388033
-0,1131089
-0,973123
-0,7255417
0,2620671
-0,3434149
1,994224
-0,8708069
-0,03188523
-2,091145
-0,3775366
0,280785
-0,1173742
-2,030697
-0,1829501
-0,349592
0,5801157
-0,1788354
1,327258
-1,226793
0,2479412
-0,3599461
-1,761604
0,3120698
-0,6291798
0,8333732
-0,3110193
0,2464287
-0,1138068
-1,051779
0,2704771
0,9441948
-0,07819194
0,4069269
-0,2596784
-1,243114
0,1997095
0,06971753
-0,5828815
-0,005405269
-1,745401
1,436076
-0,4634506
-0,4417941
1,285445
-0,9316047
-0,7275116
-0,20279
-0,13452
-0,418268
0,09258279
0,9434443
1,313784
0,5324929
-0,483237
-0,3948394
0,3470791
-0,6778378
-0,4823514
1,334337
-0,02864412
0,20193
0,6548003
0,6160238
-0,8956435
0,5700564
1,312261
-0,6769081
0,1048832
1,366479
0,9057568
1,1693
2,128224
0,3131912
-0,7048467
-0,4276666
-0,6498832
0,4838274
-0,3883939
0,5456429
-0,6652949
-1,085077
1,602504
1,963838
0,3339214
-0,5111376
-0,8089323
1,225035
0,07304449
-0,1233651
-1,303382
-0,8678514
0,376638
0,5526843
1,298787
-0,4764209
-1,492324
0,7556742
0,5876506
-1,306304
0,007156802
-2,235022
1,206795
-2,270396
-1,075304
1,96047
0,9563516
0,6192068
-0,1134038
1,946627
0,75911
1,385199
1,267579
-1,046464
1,96769
0,8664207
-0,8225704
1,473011
1,10737
0,06373854
1,234857
0,9079947
-0,59481
-1,440877
0,5580014
-1,07934
1,428621
-0,9705243
-1,982606
-0,4714172
-0,8174275
0,2783201
-1,1938
-1,341256
0,5393637
-0,2311662
0,04376015
1,131154
-0,242989
1,223251
-0,8268313
0,6429238
-1,314601
2,811205
-0,2006647
-0,1914544
0,1021384
0,8309814
-1,267736
1,717211
-1,674873
0,106323
-0,671138
1,21403
0,4646742
0,1888866
-1,416288
-0,8624015
0,6917742
-0,03938412
0,9152204
-0,1192086
0,4780712
-0,51298
0,3529838
-0,6804684
-0,1745995
-0,3934628
1,695288
0,8195471
0,7537133
0,1867903
0,1546959
0,1188466
-0,8540193
-0,3686203
-0,6512791
-2,114796
1,666487
1,236058
0,7925256
-2,137991
0,4136941
0,5322943
-0,4971669
0,9092722
0,6122596
0,08423928
2,263216
2,632581
-0,5876032
0,1922513
1,045771
0,8019779
0,1997711
1,204314
0,1491975
-0,4118409
-0,4435598
-1,341737
-1,424021
1,44492
-0,06684419
-0,1085695
-1,242451
-1,420352
1,014557
-0,09799284
-0,4545926
-0,8156371
1,032225
-0,6255335
1,310249
0,111551
-1,064565
0,9327696
0,1058722
-1,287505
0,02789399
-0,09561191
0,8023385
-0,5177603
-1,257199
-0,1987561
0,8884089
0,229647
-1,663773
0,1486129
0,1813564
-2,536707
0,8576975
0,01087405
0,3746572
-1,158267
1,49369
0,4842447
-1,480255
-1,326029
0,0179225
-1,613292
0,1160695
-0,02124724
0,605265
1,302667
1,450819
-0,2997384
1,053566
-0,1866808
0,2108561
1,155439
1,050697
0,06049198
0,460597
1,225468
0,004410239
-0,9792043
-0,1549307
0,08959214
2,171985
-1,108179
-0,3474463
0,004121858
0,2505499
-1,042186
0,03139024
-0,5573776
-0,9443302
-0,39419
-0,4685072
-0,2768869
1,076381
-1,217855
-2,335268
1,041123
-1,203873
2,006157
-0,7877582
-0,3175381
-1,778482
0,9466058
0,5463423
0,7344218
0,9312849
-1,281767
1,435171
-0,9469401
0,3998482
-0,5036492
1,139082
-0,1907819
0,3674996
1,24692
-0,09204298
-0,2640509
-1,149113
1,072151
0,9736681
-1,038023
-0,5683543
0,4952212
-1,302577
